Waypoints_Num: 4
Waypoint_1:
  Type: Waypoint
  Name: 1
  Pos_x: -1.2505
  Pos_y: -5.90247
  Pos_z: 0
  Ori_x: 0
  Ori_y: 0
  Ori_z: -0.717293
  Ori_w: 0.696772
Waypoint_2:
  Type: Waypoint
  Name: 2
  Pos_x: 2.07827
  Pos_y: -6.34058
  Pos_z: 0
  Ori_x: 0
  Ori_y: 0
  Ori_z: -0.0131356
  Ori_w: 0.999914
Waypoint_3:
  Type: Waypoint
  Name: 3
  Pos_x: 7.47903
  Pos_y: -6.21939
  Pos_z: 0
  Ori_x: 0
  Ori_y: 0
  Ori_z: -0.999632
  Ori_w: 0.0271134
Waypoint_4:
  Type: Waypoint
  Name: 4
  Pos_x: 11.3923
  Pos_y: 2.99764
  Pos_z: 0
  Ori_x: 0
  Ori_y: 0
  Ori_z: 0.400807
  Ori_w: 0.916163