Waypoints_Num: 1
Waypoint_1:
  Type: Waypoint
  Name: 1
  Pos_x: 21.4991
  Pos_y: -1.40703
  Pos_z: 0
  Ori_x: 0
  Ori_y: 0
  Ori_z: -0.00392142
  Ori_w: 0.999992